10/01/11 	    BACH_NOM 	144 	6.494 	0.030 	0.047 	0.045 	0.030
10/01/11 	    PAUL_NOM 	107 	1.660 	0.012 	0.016 	0.016 	0.012
10/01/11 	    PERR_NOM 	233 	58.118 	0.224 	0.250 	0.249 	0.224
10/01/11 	    ROMN_NOM 	40 	19.577 	0.480 	0.500 	0.489 	0.485
10/01/11 	    RROF_NOM 	154 	37.909 	0.222 	0.251 	0.246 	0.251
10/02/11 	    BACH_NOM 	220 	41.599 	0.026 	0.499 	0.189 	0.026
10/02/11 	    PAUL_NOM 	13 	0.158 	0.012 	0.013 	0.012 	0.013
10/02/11 	    PERR_NOM 	214 	44.774 	0.150 	0.251 	0.209 	0.200
10/02/11 	    ROMN_NOM 	223 	111.388 	0.499 	0.500 	0.499 	0.499
10/02/11 	    RROF_NOM 	226 	58.267 	0.230 	0.270 	0.258 	0.232
10/03/11 	    BACH_NOM 	220 	7.790 	0.021 	0.067 	0.035 	0.023
10/03/11 	    PAUL_NOM 	108 	1.238 	0.011 	0.016 	0.011 	0.011
10/03/11 	    PERR_NOM 	188 	37.209 	0.191 	0.228 	0.198 	0.198
10/03/11 	    ROMN_NOM 	351 	175.043 	0.495 	0.502 	0.499 	0.500
10/03/11 	    RROF_NOM 	501 	132.710 	0.231 	0.269 	0.265 	0.269
10/04/11 	    BACH_NOM 	802 	20.611 	0.001 	0.069 	0.026 	0.043
10/04/11 	    PAUL_NOM 	724 	7.792 	0.002 	0.015 	0.011 	0.002
10/04/11 	    PERR_NOM 	1,066 	175.899 	0.099 	0.250 	0.165 	0.165
10/04/11 	    ROMN_NOM 	1,236 	827.836 	0.500 	0.750 	0.670 	0.660
10/04/11 	    RROF_NOM 	1,498 	302.991 	0.052 	0.270 	0.202 	0.140
10/05/11 	    BACH_NOM 	275 	7.564 	0.025 	0.041 	0.028 	0.026
10/05/11 	    PAUL_NOM 	295 	1.708 	0.003 	0.013 	0.006 	0.010
10/05/11 	    PERR_NOM 	227 	35.612 	0.151 	0.177 	0.157 	0.151
10/05/11 	    ROMN_NOM 	543 	357.564 	0.650 	0.690 	0.658 	0.670
10/05/11 	    RROF_NOM 	475 	73.508 	0.136 	0.169 	0.155 	0.143
10/06/11 	    BACH_NOM 	148 	4.297 	0.021 	0.038 	0.029 	0.026
10/06/11 	    PAUL_NOM 	169 	1.371 	0.006 	0.010 	0.008 	0.010
10/06/11 	    PERR_NOM 	126 	20.837 	0.160 	0.195 	0.165 	0.169
10/06/11 	    ROMN_NOM 	130 	86.406 	0.664 	0.679 	0.665 	0.668
10/06/11 	    RROF_NOM 	131 	18.834 	0.128 	0.149 	0.144 	0.128
10/07/11 	    BACH_NOM 	117 	3.516 	0.025 	0.037 	0.030 	0.025
10/07/11 	    PAUL_NOM 	68 	0.457 	0.006 	0.010 	0.007 	0.006
10/07/11 	    PERR_NOM 	63 	10.249 	0.162 	0.166 	0.163 	0.163
10/07/11 	    ROMN_NOM 	80 	54.005 	0.665 	0.677 	0.675 	0.677
10/07/11 	    RROF_NOM 	63 	8.234 	0.126 	0.139 	0.131 	0.130
10/08/11 	    BACH_NOM 	444 	16.456 	0.025 	0.060 	0.037 	0.050
10/08/11 	    PAUL_NOM 	368 	1.872 	0.003 	0.007 	0.005 	0.003
10/08/11 	    PERR_NOM 	385 	63.494 	0.162 	0.179 	0.165 	0.178
10/08/11 	    ROMN_NOM 	196 	129.775 	0.645 	0.677 	0.662 	0.654
10/08/11 	    RROF_NOM 	198 	26.120 	0.126 	0.143 	0.132 	0.130
10/09/11 	    BACH_NOM 	388 	21.087 	0.036 	0.068 	0.054 	0.058
10/09/11 	    PAUL_NOM 	215 	1.110 	0.005 	0.006 	0.005 	0.005
10/09/11 	    PERR_NOM 	201 	32.757 	0.155 	0.170 	0.163 	0.164
10/09/11 	    ROMN_NOM 	150 	98.026 	0.641 	0.671 	0.654 	0.643
10/09/11 	    RROF_NOM 	102 	13.870 	0.131 	0.143 	0.136 	0.134
10/10/11 	    BACH_NOM 	287 	8.844 	0.007 	0.047 	0.031 	0.027
10/10/11 	    PAUL_NOM 	535 	4.593 	0.007 	0.011 	0.009 	0.010
10/10/11 	    PERR_NOM 	270 	44.279 	0.160 	0.171 	0.164 	0.171
10/10/11 	    ROMN_NOM 	159 	103.141 	0.640 	0.659 	0.649 	0.640
10/10/11 	    RROF_NOM 	589 	82.136 	0.133 	0.162 	0.139 	0.162
10/11/11 	    BACH_NOM 	179 	2.661 	0.013 	0.032 	0.015 	0.028
10/11/11 	    PAUL_NOM 	181 	1.773 	0.008 	0.011 	0.010 	0.010
10/11/11 	    PERR_NOM 	409 	61.762 	0.125 	0.180 	0.151 	0.125
10/11/11 	    ROMN_NOM 	399 	266.590 	0.636 	0.698 	0.668 	0.698
10/11/11 	    RROF_NOM 	64 	10.843 	0.156 	0.183 	0.169 	0.180
10/12/11 	    BACH_NOM 	468 	13.104 	0.011 	0.047 	0.028 	0.047
10/12/11 	    PAUL_NOM 	186 	1.676 	0.004 	0.013 	0.009 	0.012
10/12/11 	    PERR_NOM 	661 	71.330 	0.098 	0.125 	0.108 	0.101
10/12/11 	    ROMN_NOM 	172 	119.907 	0.690 	0.698 	0.697 	0.698
10/12/11 	    RROF_NOM 	306 	45.901 	0.137 	0.174 	0.150 	0.151
10/13/11 	    BACH_NOM 	355 	10.896 	0.010 	0.042 	0.031 	0.040
10/13/11 	    PAUL_NOM 	295 	3.446 	0.010 	0.014 	0.012 	0.011
10/13/11 	    PERR_NOM 	137 	15.020 	0.101 	0.116 	0.110 	0.108
10/13/11 	    ROMN_NOM 	155 	109.771 	0.677 	0.730 	0.708 	0.688
10/13/11 	    RROF_NOM 	155 	22.537 	0.137 	0.171 	0.145 	0.158
10/14/11 	    BACH_NOM 	391 	17.019 	0.021 	0.050 	0.044 	0.049
10/14/11 	    PAUL_NOM 	74 	0.865 	0.010 	0.012 	0.012 	0.012
10/14/11 	    PERR_NOM 	117 	13.970 	0.110 	0.120 	0.119 	0.114
10/14/11 	    ROMN_NOM 	115 	79.901 	0.682 	0.697 	0.695 	0.694
10/14/11 	    RROF_NOM 	65 	10.317 	0.147 	0.165 	0.159 	0.150
10/15/11 	    BACH_NOM 	243 	11.829 	0.043 	0.058 	0.049 	0.053
10/15/11 	    PAUL_NOM 	44 	0.524 	0.011 	0.013 	0.012 	0.011
10/15/11 	    PERR_NOM 	69 	7.867 	0.110 	0.117 	0.114 	0.110
10/15/11 	    ROMN_NOM 	35 	24.129 	0.684 	0.694 	0.689 	0.684
10/15/11 	    RROF_NOM 	52 	7.830 	0.150 	0.156 	0.151 	0.150
10/16/11 	    BACH_NOM 	76 	3.725 	0.040 	0.051 	0.049 	0.045
10/16/11 	    PAUL_NOM 	14 	0.133 	0.006 	0.010 	0.010 	0.010
10/16/11 	    PERR_NOM 	221 	26.045 	0.113 	0.121 	0.118 	0.114
10/16/11 	    ROMN_NOM 	20 	13.792 	0.689 	0.690 	0.690 	0.690
10/16/11 	    RROF_NOM 	110 	16.334 	0.147 	0.150 	0.148 	0.150
10/17/11 	    BACH_NOM 	418 	19.743 	0.031 	0.058 	0.047 	0.052
10/17/11 	    PAUL_NOM 	285 	3.093 	0.009 	0.013 	0.011 	0.010
10/17/11 	    PERR_NOM 	402 	51.243 	0.116 	0.130 	0.127 	0.119
10/17/11 	    ROMN_NOM 	153 	104.341 	0.670 	0.689 	0.682 	0.670
10/17/11 	    RROF_NOM 	698 	104.487 	0.145 	0.154 	0.150 	0.150
10/18/11 	    BACH_NOM 	551 	27.495 	0.039 	0.056 	0.050 	0.050
10/18/11 	    PAUL_NOM 	620 	7.989 	0.010 	0.015 	0.013 	0.012
10/18/11 	    PERR_NOM 	434 	53.150 	0.117 	0.133 	0.122 	0.119
10/18/11 	    ROMN_NOM 	155 	103.938 	0.660 	0.684 	0.671 	0.670
10/18/11 	    RROF_NOM 	583 	88.594 	0.146 	0.176 	0.152 	0.176
10/19/11 	    BACH_NOM 	348 	15.829 	0.030 	0.059 	0.045 	0.042
10/19/11 	    PAUL_NOM 	316 	3.933 	0.012 	0.014 	0.012 	0.012
10/19/11 	    PERR_NOM 	763 	98.755 	0.112 	0.139 	0.129 	0.139
10/19/11 	    ROMN_NOM 	199 	131.687 	0.650 	0.672 	0.662 	0.659
10/19/11 	    RROF_NOM 	120 	18.453 	0.146 	0.165 	0.154 	0.151
10/20/11 	    BACH_NOM 	304 	11.324 	0.030 	0.043 	0.037 	0.043
10/20/11 	    PAUL_NOM 	312 	4.415 	0.010 	0.018 	0.014 	0.018
10/20/11 	    PERR_NOM 	211 	28.211 	0.130 	0.139 	0.134 	0.133
10/20/11 	    ROMN_NOM 	250 	169.099 	0.658 	0.699 	0.676 	0.662
10/20/11 	    RROF_NOM 	380 	58.240 	0.151 	0.170 	0.153 	0.151
10/21/11 	    BACH_NOM 	216 	7.155 	0.030 	0.039 	0.033 	0.038
10/21/11 	    PAUL_NOM 	99 	1.605 	0.016 	0.018 	0.016 	0.016
10/21/11 	    PERR_NOM 	104 	13.520 	0.130 	0.130 	0.130 	0.130
10/21/11 	    ROMN_NOM 	75 	50.529 	0.665 	0.686 	0.674 	0.684
10/21/11 	    RROF_NOM 	112 	17.096 	0.151 	0.157 	0.153 	0.157
10/22/11 	    BACH_NOM 	342 	11.626 	0.031 	0.040 	0.034 	0.032
10/22/11 	    PAUL_NOM 	87 	1.458 	0.013 	0.018 	0.017 	0.015
10/22/11 	    PERR_NOM 	35 	4.379 	0.125 	0.126 	0.125 	0.126
10/22/11 	    ROMN_NOM 	38 	25.779 	0.671 	0.683 	0.678 	0.673
10/22/11 	    RROF_NOM 	20 	3.097 	0.153 	0.156 	0.155 	0.155
10/24/11 	    BACH_NOM 	130 	4.601 	0.034 	0.037 	0.035 	0.034
10/24/11 	    PAUL_NOM 	280 	4.177 	0.012 	0.016 	0.015 	0.012
10/24/11 	    PERR_NOM 	221 	25.319 	0.112 	0.118 	0.115 	0.115
10/24/11 	    ROMN_NOM 	122 	83.673 	0.684 	0.692 	0.686 	0.684
10/24/11 	    RROF_NOM 	171 	26.547 	0.155 	0.158 	0.155 	0.156
10/25/11 	    BACH_NOM 	326 	10.391 	0.030 	0.040 	0.032 	0.033
10/25/11 	    PAUL_NOM 	398 	5.022 	0.011 	0.016 	0.013 	0.013
10/25/11 	    PERR_NOM 	204 	27.267 	0.115 	0.140 	0.134 	0.125
10/25/11 	    ROMN_NOM 	389 	263.200 	0.662 	0.704 	0.677 	0.685
10/25/11 	    RROF_NOM 	506 	73.428 	0.145 	0.158 	0.145 	0.145
10/26/11 	    BACH_NOM 	250 	9.135 	0.032 	0.044 	0.037 	0.036
10/26/11 	    PAUL_NOM 	89 	1.239 	0.013 	0.015 	0.014 	0.014
10/26/11 	    PERR_NOM 	476 	58.958 	0.123 	0.136 	0.124 	0.123
10/26/11 	    ROMN_NOM 	69 	47.506 	0.680 	0.697 	0.688 	0.683
10/26/11 	    RROF_NOM 	179 	27.404 	0.143 	0.160 	0.153 	0.145
10/27/11 	    BACH_NOM 	132 	4.662 	0.032 	0.039 	0.035 	0.032
10/27/11 	    PAUL_NOM 	52 	0.680 	0.011 	0.014 	0.013 	0.011
10/27/11 	    PERR_NOM 	180 	22.278 	0.120 	0.133 	0.124 	0.120
10/27/11 	    ROMN_NOM 	62 	42.599 	0.684 	0.693 	0.687 	0.686
10/27/11 	    RROF_NOM 	50 	7.485 	0.146 	0.159 	0.150 	0.147
10/28/11 	    BACH_NOM 	352 	8.398 	0.011 	0.032 	0.024 	0.028
10/28/11 	    PAUL_NOM 	157 	2.107 	0.011 	0.015 	0.013 	0.011
10/28/11 	    PERR_NOM 	194 	23.352 	0.120 	0.125 	0.120 	0.120
10/28/11 	    ROMN_NOM 	189 	134.350 	0.685 	0.756 	0.711 	0.732
10/28/11 	    RROF_NOM 	145 	21.535 	0.146 	0.160 	0.149 	0.146
10/29/11 	    BACH_NOM 	112 	2.246 	0.020 	0.025 	0.020 	0.020
10/29/11 	    PAUL_NOM 	45 	0.589 	0.011 	0.014 	0.013 	0.012
10/29/11 	    PERR_NOM 	93 	11.479 	0.120 	0.126 	0.123 	0.126
10/29/11 	    ROMN_NOM 	87 	60.277 	0.688 	0.700 	0.693 	0.690
10/29/11 	    RROF_NOM 	11 	1.608 	0.146 	0.148 	0.146 	0.148
10/30/11 	    BACH_NOM 	103 	2.279 	0.020 	0.028 	0.022 	0.028
10/30/11 	    PAUL_NOM 	65 	0.831 	0.011 	0.013 	0.013 	0.013
10/30/11 	    PERR_NOM 	376 	46.045 	0.117 	0.136 	0.122 	0.136
10/30/11 	    ROMN_NOM 	69 	48.634 	0.698 	0.725 	0.705 	0.710
10/30/11 	    RROF_NOM 	185 	23.960 	0.103 	0.149 	0.130 	0.103
10/31/11 	    BACH_NOM 	19 	0.406 	0.021 	0.028 	0.021 	0.028
10/31/11 	    PAUL_NOM 	29 	0.338 	0.011 	0.012 	0.012 	0.012
10/31/11 	    PERR_NOM 	444 	80.386 	0.130 	0.249 	0.181 	0.132
10/31/11 	    ROMN_NOM 	26 	18.066 	0.688 	0.709 	0.695 	0.700
10/31/11 	    RROF_NOM 	69 	7.373 	0.103 	0.119 	0.107 	0.119