09/01/11 	    BACH_NOM 	289 	14.115 	0.041 	0.077 	0.049 	0.052
09/01/11 	    PAUL_NOM 	328 	5.076 	0.012 	0.019 	0.015 	0.014
09/01/11 	    PERR_NOM 	312 	127.937 	0.400 	0.465 	0.410 	0.400
09/01/11 	    ROMN_NOM 	330 	95.666 	0.275 	0.334 	0.290 	0.323
09/01/11 	    RROF_NOM 	321 	79.663 	0.210 	0.268 	0.248 	0.259
09/02/11 	    BACH_NOM 	80 	3.741 	0.043 	0.077 	0.047 	0.050
09/02/11 	    PAUL_NOM 	36 	0.602 	0.013 	0.023 	0.017 	0.014
09/02/11 	    PERR_NOM 	89 	35.702 	0.400 	0.409 	0.401 	0.407
09/02/11 	    ROMN_NOM 	35 	11.641 	0.312 	0.348 	0.333 	0.347
09/02/11 	    RROF_NOM 	39 	7.754 	0.170 	0.229 	0.199 	0.181
09/03/11 	    BACH_NOM 	1 	0.048 	0.048 	0.048 	0.048 	0.048
09/03/11 	    PAUL_NOM 	51 	1.546 	0.018 	0.034 	0.030 	0.018
09/03/11 	    PERR_NOM 	15 	6.155 	0.405 	0.425 	0.410 	0.405
09/03/11 	    ROMN_NOM 	22 	7.589 	0.327 	0.347 	0.345 	0.327
09/03/11 	    RROF_NOM 	1 	0.183 	0.183 	0.183 	0.183 	0.183
09/04/11 	    BACH_NOM 	77 	4.343 	0.048 	0.064 	0.056 	0.064
09/04/11 	    PAUL_NOM 	44 	0.932 	0.017 	0.034 	0.021 	0.019
09/04/11 	    PERR_NOM 	48 	19.322 	0.400 	0.421 	0.403 	0.408
09/04/11 	    ROMN_NOM 	45 	14.858 	0.327 	0.344 	0.330 	0.337
09/04/11 	    RROF_NOM 	43 	8.273 	0.185 	0.198 	0.192 	0.189
09/05/11 	    BACH_NOM 	136 	7.314 	0.032 	0.068 	0.054 	0.032
09/05/11 	    PAUL_NOM 	52 	1.402 	0.025 	0.031 	0.027 	0.029
09/05/11 	    PERR_NOM 	99 	39.551 	0.388 	0.409 	0.400 	0.388
09/05/11 	    ROMN_NOM 	70 	24.758 	0.328 	0.370 	0.354 	0.370
09/05/11 	    RROF_NOM 	139 	29.265 	0.168 	0.288 	0.211 	0.182
09/06/11 	    BACH_NOM 	77 	1.963 	0.025 	0.029 	0.025 	0.025
09/06/11 	    PAUL_NOM 	32 	0.941 	0.026 	0.033 	0.029 	0.029
09/06/11 	    PERR_NOM 	87 	33.842 	0.291 	0.440 	0.389 	0.411
09/06/11 	    ROMN_NOM 	81 	30.672 	0.295 	0.399 	0.379 	0.390
09/06/11 	    RROF_NOM 	54 	13.114 	0.182 	0.286 	0.243 	0.215
09/07/11 	    BACH_NOM 	22 	0.369 	0.016 	0.018 	0.017 	0.016
09/07/11 	    PAUL_NOM 	141 	3.703 	0.026 	0.029 	0.026 	0.026
09/07/11 	    PERR_NOM 	66 	27.152 	0.410 	0.420 	0.411 	0.410
09/07/11 	    ROMN_NOM 	22 	7.586 	0.333 	0.364 	0.345 	0.364
09/07/11 	    RROF_NOM 	22 	4.410 	0.182 	0.208 	0.200 	0.182
09/08/11 	    BACH_NOM 	112 	1.496 	0.007 	0.020 	0.013 	0.020
09/08/11 	    PAUL_NOM 	130 	3.273 	0.018 	0.028 	0.025 	0.020
09/08/11 	    PERR_NOM 	61 	23.897 	0.386 	0.425 	0.392 	0.401
09/08/11 	    ROMN_NOM 	87 	34.245 	0.389 	0.395 	0.394 	0.394
09/08/11 	    RROF_NOM 	121 	20.882 	0.171 	0.192 	0.173 	0.178
09/09/11 	    BACH_NOM 	5 	0.120 	0.024 	0.024 	0.024 	0.024
09/09/11 	    PAUL_NOM 	0 	0.000 	0.000 	0.000 		0.020
09/09/11 	    PERR_NOM 	0 	0.000 	0.000 	0.000 		0.401
09/09/11 	    ROMN_NOM 	444 	174.695 	0.393 	0.400 	0.393 	0.393
09/09/11 	    RROF_NOM 	75 	12.596 	0.165 	0.190 	0.168 	0.165
09/10/11 	    BACH_NOM 	12 	0.150 	0.010 	0.016 	0.012 	0.011
09/10/11 	    PAUL_NOM 	15 	0.344 	0.020 	0.024 	0.023 	0.024
09/10/11 	    PERR_NOM 	53 	22.382 	0.417 	0.425 	0.422 	0.419
09/10/11 	    ROMN_NOM 	18 	7.607 	0.405 	0.425 	0.423 	0.405
09/10/11 	    RROF_NOM 	9 	1.349 	0.136 	0.157 	0.150 	0.142
09/11/11 	    BACH_NOM 	17 	0.174 	0.010 	0.011 	0.010 	0.010
09/11/11 	    PAUL_NOM 	17 	0.408 	0.024 	0.024 	0.024 	0.024
09/11/11 	    PERR_NOM 	7 	2.907 	0.410 	0.419 	0.415 	0.410
09/11/11 	    ROMN_NOM 	11 	4.540 	0.410 	0.415 	0.413 	0.415
09/11/11 	    RROF_NOM 	29 	4.160 	0.142 	0.149 	0.143 	0.149
09/12/11 	    BACH_NOM 	170 	2.515 	0.010 	0.020 	0.015 	0.019
09/12/11 	    PAUL_NOM 	67 	1.147 	0.012 	0.024 	0.017 	0.013
09/12/11 	    PERR_NOM 	293 	121.308 	0.403 	0.424 	0.414 	0.413
09/12/11 	    ROMN_NOM 	123 	50.661 	0.404 	0.420 	0.412 	0.413
09/12/11 	    RROF_NOM 	67 	9.582 	0.142 	0.144 	0.143 	0.143
09/13/11 	    BACH_NOM 	206 	4.366 	0.019 	0.024 	0.021 	0.021
09/13/11 	    PAUL_NOM 	90 	1.429 	0.012 	0.018 	0.016 	0.016
09/13/11 	    PERR_NOM 	241 	99.250 	0.403 	0.417 	0.412 	0.403
09/13/11 	    ROMN_NOM 	254 	104.628 	0.400 	0.420 	0.412 	0.420
09/13/11 	    RROF_NOM 	139 	18.697 	0.100 	0.150 	0.135 	0.150
09/14/11 	    BACH_NOM 	12 	0.213 	0.016 	0.021 	0.018 	0.017
09/14/11 	    PAUL_NOM 	9 	0.146 	0.015 	0.017 	0.016 	0.016
09/14/11 	    PERR_NOM 	148 	61.740 	0.411 	0.440 	0.417 	0.413
09/14/11 	    ROMN_NOM 	27 	11.363 	0.413 	0.440 	0.421 	0.423
09/14/11 	    RROF_NOM 	10 	1.361 	0.120 	0.146 	0.136 	0.132
09/15/11 	    BACH_NOM 	309 	5.517 	0.016 	0.023 	0.018 	0.021
09/15/11 	    PAUL_NOM 	292 	4.459 	0.012 	0.018 	0.015 	0.012
09/15/11 	    PERR_NOM 	449 	192.224 	0.414 	0.440 	0.428 	0.414
09/15/11 	    ROMN_NOM 	292 	125.139 	0.421 	0.437 	0.429 	0.437
09/15/11 	    RROF_NOM 	342 	40.626 	0.115 	0.123 	0.119 	0.117
09/16/11 	    BACH_NOM 	85 	1.780 	0.012 	0.022 	0.021 	0.020
09/16/11 	    PAUL_NOM 	152 	2.855 	0.017 	0.019 	0.019 	0.018
09/16/11 	    PERR_NOM 	102 	43.488 	0.417 	0.432 	0.426 	0.432
09/16/11 	    ROMN_NOM 	10 	4.383 	0.435 	0.439 	0.438 	0.435
09/16/11 	    RROF_NOM 	12 	1.255 	0.101 	0.117 	0.105 	0.110
09/17/11 	    BACH_NOM 	0 	0.000 	0.000 	0.000 		0.020
09/17/11 	    PAUL_NOM 	0 	0.000 	0.000 	0.000 		0.018
09/17/11 	    PERR_NOM 	1 	0.420 	0.420 	0.420 	0.420 	0.420
09/17/11 	    ROMN_NOM 	12 	5.268 	0.439 	0.439 	0.439 	0.439
09/17/11 	    RROF_NOM 	0 	0.000 	0.000 	0.000 		0.110
09/18/11 	    BACH_NOM 	2 	0.039 	0.019 	0.020 	0.020 	0.019
09/18/11 	    PAUL_NOM 	1 	0.018 	0.018 	0.018 	0.018 	0.018
09/18/11 	    PERR_NOM 	160 	66.920 	0.417 	0.419 	0.418 	0.417
09/18/11 	    ROMN_NOM 	105 	46.076 	0.437 	0.439 	0.439 	0.439
09/18/11 	    RROF_NOM 	35 	3.675 	0.105 	0.105 	0.105 	0.105
09/19/11 	    BACH_NOM 	29 	0.349 	0.008 	0.018 	0.012 	0.008
09/19/11 	    PAUL_NOM 	579 	9.282 	0.013 	0.017 	0.016 	0.016
09/19/11 	    PERR_NOM 	105 	43.308 	0.401 	0.427 	0.412 	0.410
09/19/11 	    ROMN_NOM 	91 	43.651 	0.445 	0.500 	0.480 	0.486
09/19/11 	    RROF_NOM 	2 	0.152 	0.076 	0.076 	0.076 	0.076
09/20/11 	    BACH_NOM 	52 	0.712 	0.010 	0.019 	0.014 	0.017
09/20/11 	    PAUL_NOM 	78 	1.268 	0.012 	0.018 	0.016 	0.015
09/20/11 	    PERR_NOM 	80 	32.693 	0.388 	0.427 	0.409 	0.408
09/20/11 	    ROMN_NOM 	341 	159.761 	0.459 	0.477 	0.469 	0.477
09/20/11 	    RROF_NOM 	26 	2.117 	0.080 	0.117 	0.081 	0.080
09/21/11 	    BACH_NOM 	1 	0.016 	0.016 	0.016 	0.016 	0.016
09/21/11 	    PAUL_NOM 	76 	1.141 	0.015 	0.016 	0.015 	0.015
09/21/11 	    PERR_NOM 	165 	67.651 	0.410 	0.411 	0.410 	0.410
09/21/11 	    ROMN_NOM 	17 	7.604 	0.445 	0.451 	0.447 	0.445
09/21/11 	    RROF_NOM 	80 	9.200 	0.115 	0.115 	0.115 	0.115
09/22/11 	    BACH_NOM 	81 	1.224 	0.008 	0.024 	0.015 	0.019
09/22/11 	    PAUL_NOM 	89 	1.239 	0.013 	0.014 	0.014 	0.014
09/22/11 	    PERR_NOM 	525 	225.747 	0.410 	0.449 	0.430 	0.410
09/22/11 	    ROMN_NOM 	174 	80.628 	0.443 	0.480 	0.463 	0.443
09/22/11 	    RROF_NOM 	137 	12.813 	0.089 	0.110 	0.094 	0.090
09/23/11 	    BACH_NOM 	642 	7.091 	0.008 	0.019 	0.011 	0.010
09/23/11 	    PAUL_NOM 	300 	5.091 	0.014 	0.019 	0.017 	0.019
09/23/11 	    PERR_NOM 	537 	207.103 	0.337 	0.409 	0.386 	0.373
09/23/11 	    ROMN_NOM 	583 	279.245 	0.460 	0.500 	0.479 	0.475
09/23/11 	    RROF_NOM 	1,294 	141.437 	0.099 	0.120 	0.109 	0.120
09/24/11 	    BACH_NOM 	33 	0.259 	0.007 	0.008 	0.008 	0.008
09/24/11 	    PAUL_NOM 	43 	0.619 	0.014 	0.015 	0.014 	0.015
09/24/11 	    PERR_NOM 	105 	36.777 	0.332 	0.367 	0.350 	0.332
09/24/11 	    ROMN_NOM 	210 	102.667 	0.470 	0.516 	0.489 	0.499
09/24/11 	    RROF_NOM 	915 	118.957 	0.120 	0.140 	0.130 	0.136
09/26/11 	    BACH_NOM 	1,232 	20.338 	0.009 	0.023 	0.017 	0.011
09/26/11 	    PAUL_NOM 	124 	1.450 	0.010 	0.016 	0.012 	0.013
09/26/11 	    PERR_NOM 	492 	123.978 	0.019 	0.298 	0.252 	0.265
09/26/11 	    ROMN_NOM 	263 	134.461 	0.499 	0.539 	0.511 	0.499
09/26/11 	    RROF_NOM 	311 	58.741 	0.180 	0.210 	0.189 	0.187
09/27/11 	    BACH_NOM 	642 	12.706 	0.016 	0.037 	0.020 	0.037
09/27/11 	    PAUL_NOM 	17 	0.223 	0.011 	0.015 	0.013 	0.012
09/27/11 	    PERR_NOM 	83 	22.960 	0.226 	0.299 	0.277 	0.297
09/27/11 	    ROMN_NOM 	117 	58.084 	0.493 	0.512 	0.496 	0.496
09/27/11 	    RROF_NOM 	279 	52.493 	0.150 	0.210 	0.188 	0.150
09/28/11 	    BACH_NOM 	247 	10.128 	0.018 	0.060 	0.041 	0.045
09/28/11 	    PAUL_NOM 	9 	0.131 	0.013 	0.017 	0.015 	0.014
09/28/11 	    PERR_NOM 	68 	19.332 	0.269 	0.299 	0.284 	0.282
09/28/11 	    ROMN_NOM 	52 	26.414 	0.494 	0.510 	0.508 	0.495
09/28/11 	    RROF_NOM 	115 	19.271 	0.151 	0.170 	0.168 	0.153
09/29/11 	    BACH_NOM 	231 	9.029 	0.024 	0.048 	0.039 	0.048
09/29/11 	    PAUL_NOM 	110 	1.466 	0.011 	0.017 	0.013 	0.016
09/29/11 	    PERR_NOM 	124 	32.174 	0.235 	0.280 	0.259 	0.237
09/29/11 	    ROMN_NOM 	108 	54.039 	0.493 	0.520 	0.500 	0.496
09/29/11 	    RROF_NOM 	329 	58.371 	0.168 	0.210 	0.177 	0.205
09/30/11 	    BACH_NOM 	359 	9.129 	0.024 	0.044 	0.025 	0.025
09/30/11 	    PAUL_NOM 	440 	5.807 	0.012 	0.016 	0.013 	0.013
09/30/11 	    PERR_NOM 	101 	23.845 	0.230 	0.252 	0.236 	0.252
09/30/11 	    ROMN_NOM 	36 	16.975 	0.460 	0.500 	0.472 	0.500
09/30/11 	    RROF_NOM 	233 	51.749 	0.205 	0.299 	0.222 	0.220